--UPenn beam model (double gaussian)--
# Beam data library for P1

Nozzle exit to Isocenter distance
682.60

SMX to Isocenter distance
2000.00

SMY to Isocenter distance
2000.00

Range Shifter parameters
RS_ID = RS40
RS_type = binary
RS_material = 64
RS_density = 1.19
RS_WET = 40.0

Range Shifter parameters
RS_ID = RS80
RS_type = binary
RS_material = 64
RS_density = 1.19
RS_WET = 80.0

Beam parameters
15 energies

NominalEnergy	MeanEnergy	EnergySpread	ProtonsMU	Weight1	SpotSize1x	Divergence1x	Correlation1x	SpotSize1y	Divergence1y	Correlation1y	Weight2	SpotSize2x	Divergence2x	Correlation2x	SpotSize2y	Divergence2y	Correlation2y
69.2000	70.6419	2.0865	82020000.0000	1.0000	5.1069	0.0064	0.2032	5.1069	0.0064	0.2032	0.0000	5.0000	0.0030	0.2000	5.0000	0.0030	0.2000
86.7500	88.4125	1.9809	94410000.0000	1.0000	6.3140	0.0051	0.0461	5.6302	0.0056	0.2260	0.0000	5.0000	0.0030	0.2000	5.0000	0.0030	0.2000
101.9000	103.6666	1.8271	106000000.0000	1.0000	5.8701	0.0042	0.0235	5.0284	0.0049	0.2391	0.0000	5.0000	0.0030	0.2000	5.0000	0.0030	0.2000
115.2500	117.4209	1.6560	115800000.0000	1.0000	5.6637	0.0041	-0.0793	4.6247	0.0049	0.1377	0.0000	5.0000	0.0030	0.2000	5.0000	0.0030	0.2000
128.1500	129.8098	1.4612	124400000.0000	1.0000	5.0627	0.0038	-0.1299	4.4385	0.0045	0.0186	0.0000	5.0000	0.0030	0.2000	5.0000	0.0030	0.2000
139.8000	141.7888	1.2845	131900000.0000	1.0000	4.6656	0.0039	-0.2243	4.2965	0.0044	-0.1120	0.0000	5.0000	0.0030	0.2000	5.0000	0.0030	0.2000
151.2000	152.8409	1.1119	139200000.0000	1.0000	4.4112	0.0035	-0.2312	4.2039	0.0039	-0.1616	0.0000	5.0000	0.0030	0.2000	5.0000	0.0030	0.2000
161.7200	163.7213	0.9595	145800000.0000	1.0000	4.2954	0.0033	-0.2506	4.1079	0.0038	-0.2462	0.0000	5.0000	0.0030	0.2000	5.0000	0.0030	0.2000
171.9500	173.6787	0.8289	151500000.0000	1.0000	3.8853	0.0032	-0.2749	3.9806	0.0036	-0.2810	0.0000	5.0000	0.0030	0.2000	5.0000	0.0030	0.2000
181.6500	183.3075	0.7143	157100000.0000	1.0000	3.8800	0.0031	-0.3058	3.8705	0.0034	-0.3201	0.0000	5.0000	0.0030	0.2000	5.0000	0.0030	0.2000
191.0500	193.1390	0.6087	162600000.0000	1.0000	3.6235	0.0030	-0.3244	3.8050	0.0033	-0.3511	0.0000	5.0000	0.0030	0.2000	5.0000	0.0030	0.2000
200.1700	202.2979	0.4845	167700000.0000	1.0000	3.5138	0.0030	-0.3558	3.7891	0.0034	-0.4151	0.0000	5.0000	0.0030	0.2000	5.0000	0.0030	0.2000
208.8200	211.1340	0.3374	172900000.0000	1.0000	3.4317	0.0029	-0.3656	3.6759	0.0032	-0.4304	0.0000	5.0000	0.0030	0.2000	5.0000	0.0030	0.2000
217.4700	219.9167	0.2795	177300000.0000	1.0000	3.1640	0.0028	-0.3399	3.4989	0.0030	-0.4177	0.0000	5.0000	0.0030	0.2000	5.0000	0.0030	0.2000
226.0500	228.0907	0.2211	182600000.0000	1.0000	2.8325	0.0026	-0.2646	2.9576	0.0026	-0.2639	0.0000	5.0000	0.0030	0.2000	5.0000	0.0030	0.2000
