--UPenn beam model (double gaussian)--
# Beam data library for P1

Nozzle exit to Isocenter distance
682.60

SMX to Isocenter distance
2000.00

SMY to Isocenter distance
2000.00

Range Shifter parameters
RS_ID = RS40
RS_type = binary
RS_material = 64
RS_density = 1.19
RS_WET = 42.1

Range Shifter parameters
RS_ID = RS60
RS_type = binary
RS_material = 64
RS_density = 1.19
RS_WET = 62.1

Range Shifter parameters
RS_ID = RS80
RS_type = binary
RS_material = 64
RS_density = 1.19
RS_WET = 82.1

Beam parameters
15 energies

NominalEnergy	MeanEnergy	EnergySpread	ProtonsMU	Weight1	SpotSize1x	Divergence1x	Correlation1x	SpotSize1y	Divergence1y	Correlation1y	Weight2	SpotSize2x	Divergence2x	Correlation2x	SpotSize2y	Divergence2y	Correlation2y
69.231	70.584	2.06	71740000	1	4.9155	0.0057	0.3315	4.9155	0.0057	0.3315	0	5	0.003	0.2	5	0.003	0.2
85.762	87.2121	1.9809	85040000	1	4.3908	0.0050	0.3119	4.3908	0.0050	0.3119	0	5	0.003	0.2	5	0.003	0.2
100.745	102.44241	1.81	98140000	1	4.4609	0.0050	0.2129	4.4609	0.0050	0.2129	0	5	0.003	0.2	5	0.003	0.2
114.748	116.54536	1.6063	108100000	1	3.8109	0.0043	0.2287	3.8109	0.0043	0.2287	0	5	0.003	0.2	5	0.003	0.2
127.313	129.0822	1.4174	116700000	1	3.2611	0.0036	0.2595	3.2611	0.0036	0.2595	0	5	0.003	0.2	5	0.003	0.2
139.294	141.10077	1.246	124400000	1	3.0527	0.0034	0.1388	3.0527	0.0034	0.1388	0	5	0.003	0.2	5	0.003	0.2
150.263	152.258105	1.1119	131100000	1	2.7902	0.0030	0.1441	2.7902	0.0030	0.1441	0	5	0.003	0.2	5	0.003	0.2
161.158	163.1344	0.9595	137400000	1	2.5993	0.0029	0.0091	2.5993	0.0029	0.0091	0	5	0.003	0.2	5	0.003	0.2
171.333	173.3556	0.8289	143300000	1	2.5026	0.0027	-0.0228	2.5026	0.0027	-0.0228	0	5	0.003	0.2	5	0.003	0.2
181.19	183.1932	0.7143	148800000	1	2.4010	0.0026	-0.0721	2.4010	0.0026	-0.0721	0	5	0.003	0.2	5	0.003	0.2
190.667	192.7876	0.6087	153500000	1	2.3203	0.0025	-0.0824	2.3203	0.0025	-0.0824	0	5	0.003	0.2	5	0.003	0.2
199.727	201.7677	0.49	158500000	1	2.2680	0.0025	-0.0930	2.2680	0.0025	-0.0930	0	5	0.003	0.2	5	0.003	0.2
208.739	210.8577	0.345	162600000	1	2.2154	0.0023	-0.0901	2.2154	0.0023	-0.0901	0	5	0.003	0.2	5	0.003	0.2
217.261	219.36	0.285	166700000	1	2.1543	0.0022	-0.0788	2.1543	0.0022	-0.0788	0	5	0.003	0.2	5	0.003	0.2
226.083	228.3812	0.228	171600000	1	2.2454	0.0025	-0.2464	2.2454	0.0025	-0.2464	0	5	0.003	0.2	5	0.003	0.2
